0.00 
0.99 1.98 2.98 3.97 4.96 5.95 6.94 7.94 8.93 9.92 10.91 11.90 12.90 13.89 14.88 15.87 16.86 17.86 18.85 19.84 
20.83 21.82 22.82 23.81 24.80 25.79 26.78 27.78 28.77 29.76 30.75 129.02 133.06 137.09 141.12 145.15 149.18 153.22 157.25 161.28 
165.31 169.34 173.38 177.41 181.44 185.47 189.50 193.54 197.57 201.60 205.63 209.66 213.70 217.73 221.76 225.79 229.82 233.86 237.89 241.92 
245.95 249.98 254.02 583.68 592.80 601.92 611.04 620.16 629.28 638.40 647.52 656.64 665.76 674.88 684.00 693.12 702.24 711.36 720.48 729.60 
738.72 747.84 756.96 766.08 775.20 784.32 793.44 802.56 811.68 820.80 829.92 839.04 848.16 857.28 866.40 1560.58 1576.83 1593.09 1609.34 1625.60 
1641.86 1658.11 1674.37 1690.62 1706.88 1723.14 1739.39 1755.65 1771.90 1788.16 1804.42 1820.67 1836.93 1853.18 1869.44 1885.70 1901.95 1918.21 1934.46 1950.72 
1966.98 1983.23 1999.49 2015.74 2032.00 2048.26 2064.51 3256.32 3281.76 3307.20 3332.64 3358.08 3383.52 3408.96 3434.40 3459.84 3485.28 3510.72 3536.16 3561.60 
3587.04 3612.48 3637.92 3663.36 3688.80 3714.24 3739.68 3765.12 3790.56 3816.00 3841.44 3866.88 3892.32 3917.76 3943.20 3968.64 3994.08 4019.52 4044.96 5867.52 
5904.19 5940.86 5977.54 6014.21 6050.88 6087.55 6124.22 6160.90 6197.57 6234.24 6270.91 6307.58 6344.26 6380.93 6417.60 6454.27 6490.94 6527.62 6564.29 6600.96 
6637.63 6674.30 6710.98 6747.65 6784.32 6820.99 6857.66 6894.34 6931.01 6967.68 7004.35 9590.78 9640.74 9690.69 9740.64 9790.59 9840.54 9890.50 9940.45 9990.40 
10040.35 10090.30 10140.26 10190.21 10240.16 10290.11 10340.06 10390.02 10439.97 10489.92 10539.87 10589.82 10639.78 10689.73 10739.68 10789.63 10839.58 10889.54 10939.49 10989.44 
11039.39 11089.34 11139.30 14622.72 14688.00 14753.28 14818.56 14883.84 14949.12 15014.40 15079.68 15144.96 15210.24 15275.52 15340.80 15406.08 15471.36 15536.64 15601.92 15667.20 
15732.48 15797.76 15863.04 15928.32 15993.60 16058.88 16124.16 16189.44 16254.72 16320.00 16385.28 16450.56 16515.84 16581.12 16646.40 21159.94 21242.59 21325.25 21407.90 21490.56 
21573.22 21655.87 21738.53 21821.18 21903.84 21986.50 22069.15 22151.81 22234.46 22317.12 22399.78 22482.43 22565.09 22647.74 22730.40 22813.06 22895.71 22978.37 23061.02 23143.68 
23226.34 23308.99 23391.65 23474.30 23556.96 23639.62 23722.27 29399.04 29501.12 29603.20 29705.28 29807.36 29909.44 30011.52 30113.60 30215.68 30317.76 30419.84 30521.92 30624.00 
30726.08 30828.16 30930.24 31032.32 31134.40 31236.48 31338.56 31440.64 31542.72 31644.80 31746.88 31848.96 31951.04 32053.12 32155.20 32257.28 32359.36 32461.44 32563.52 39536.64 
39660.19 39783.74 39907.30 40030.85 40154.40 40277.95 40401.50 40525.06 40648.61 40772.16 40895.71 41019.26 41142.82 41266.37 41389.92 41513.47 41637.02 41760.58 41884.13 42007.68 
42131.23 42254.78 42378.34 42501.89 42625.44 42748.99 42872.54 42996.10 43119.65 43243.20 43366.75 51769.34 51916.42 52063.49 52210.56 52357.63 52504.70 52651.78 52798.85 52945.92 
53092.99 53240.06 53387.14 53534.21 53681.28 53828.35 53975.42 54122.50 54269.57 54416.64 54563.71 54710.78 54857.86 55004.93 55152.00 55299.07 55446.14 55593.22 55740.29 55887.36 
56034.43 56181.50 56328.58 66293.76 66466.40 66639.04 66811.68 66984.32 67156.96 67329.60 67502.24 67674.88 67847.52 68020.16 68192.80 68365.44 68538.08 68710.72 68883.36 69056.00 
69228.64 69401.28 69573.92 69746.56 69919.20 70091.84 70264.48 70437.12 70609.76 70782.40 70955.04 71127.68 71300.32 71472.96 71645.60 83306.50 83506.75 83707.01 83907.26 84107.52 
84307.78 84508.03 84708.29 84908.54 85108.80 85309.06 85509.31 85709.57 85909.82 86110.08 86310.34 86510.59 86710.85 86911.10 87111.36 87311.62 87511.87 87712.13 87912.38 88112.64 
88312.90 88513.15 88713.41 88913.66 89113.92 89314.18 89514.43 103004.16 103234.08 103464.00 103693.92 103923.84 104153.76 104383.68 104613.60 104843.52 105073.44 105303.36 105533.28 105763.20 
105993.12 106223.04 106452.96 106682.88 106912.80 107142.72 107372.64 107602.56 107832.48 108062.40 108292.32 108522.24 108752.16 108982.08 109212.00 109441.92 109671.84 109901.76 110131.68 119760.00 
120009.50 120259.00 120508.50 120758.00 121007.50 121257.00 121506.50 121756.00 122005.50 122255.00 122504.50 122754.00 123003.50 123253.00 123502.50 123752.00 124001.50 124251.00 124500.50 
